177 33 3 7 27 44 0 64 49226 184 279 1158 
19 19 2 8 462 206 1 73 6060 42 324 1438 
103 33 3 7 209 194 1 52 99012 418 247 211 
177 21 4 6 247 79 0 51 25459 389 468 1695 
196 35 3 6 243 8 0 67 85860 249 278 1237 
191 23 3 4 91 126 1 58 96584 198 318 372 
14 15 3 4 140 175 0 59 81348 372 125 333 
69 35 3 5 397 101 0 56 96433 186 75 1003 
63 32 3 6 41 215 0 68 13272 349 258 789 
63 18 2 6 156 167 0 53 10934 391 33 1321 
144 12 3 5 123 92 1 61 83367 154 420 1941 
27 16 2 6 216 18 0 62 7249 218 26 1417 
65 5 3 6 418 42 1 51 13971 139 43 1565 
84 10 2 6 123 157 1 63 65206 208 270 1744 
18 2 3 8 156 96 1 75 52524 377 261 1522 
145 10 3 4 322 210 1 64 38848 202 498 1573 
88 13 2 4 214 136 1 54 53613 100 215 1993 
34 8 4 5 370 29 0 73 87574 244 72 1360 
16 20 4 4 247 112 0 72 80286 404 123 900 
194 27 2 5 108 69 0 58 67952 406 448 1684 
