11 28 3 4 423 127 1 71 61742 301 327 1615 
148 25 3 4 343 75 0 70 35613 499 64 1958 
76 15 4 8 31 130 1 65 99083 345 433 1921 
173 9 2 7 180 38 0 67 18067 335 332 1711 
105 13 2 8 344 203 1 71 17316 144 438 970 
155 21 4 8 350 78 1 70 59613 192 201 1946 
21 32 2 7 423 198 0 52 22791 270 124 1077 
205 20 4 8 140 164 0 71 61242 113 483 1273 
90 16 3 4 166 125 1 56 4571 233 32 1631 
86 25 2 5 154 193 0 60 28209 454 55 542 
123 26 3 6 473 167 0 74 21668 303 121 507 
78 22 3 8 379 191 0 50 12558 133 195 444 
38 30 4 6 113 115 1 51 95857 448 368 1122 
173 32 2 4 418 16 0 65 1676 93 182 1469 
119 32 3 8 81 54 0 55 71430 78 313 232 
189 18 3 8 334 137 1 65 33518 383 176 1306 
127 31 2 6 140 152 1 73 71620 390 351 878 
167 36 2 6 36 44 1 60 55534 312 58 621 
28 14 4 8 431 45 1 51 14710 201 133 152 
35 33 4 8 109 19 0 62 49137 358 496 207 
