88 3 4 5 371 116 0 68 38246 159 485 121 
20 36 3 4 83 138 0 74 80728 396 390 1230 
210 33 2 7 173 118 0 54 72040 417 458 1369 
93 15 4 7 423 157 0 70 4476 305 490 1055 
147 13 4 6 49 197 1 54 69235 160 120 345 
16 4 2 4 152 58 1 64 34626 51 128 1935 
30 26 4 6 66 27 1 67 22225 346 314 528 
137 36 3 5 374 39 0 67 23766 375 99 1537 
212 36 3 5 294 23 1 51 50040 295 484 261 
32 33 4 6 110 23 0 61 6228 366 153 403 
170 9 3 4 376 110 1 73 7345 365 211 1585 
159 21 2 5 184 23 1 56 32838 408 178 717 
73 24 2 7 291 174 1 65 58447 493 380 427 
174 18 4 4 12 154 1 66 90089 82 306 1657 
168 31 2 5 299 110 1 50 47971 345 353 1728 
165 5 2 4 290 190 1 50 69073 508 50 288 
214 34 2 7 361 80 1 50 43304 449 438 951 
103 35 2 4 378 8 1 62 15018 399 408 1394 
152 11 2 8 392 60 1 68 13477 88 367 1554 
105 3 3 6 266 200 1 58 74211 192 205 132 
