174 33 2 4 418 143 1 68 11211 70 36 1763 
80 4 2 8 365 89 1 57 85870 165 342 1773 
129 20 4 4 74 122 1 54 83346 107 323 107 
160 23 2 6 295 31 0 65 12533 171 430 1541 
216 25 3 4 208 160 1 67 16540 69 127 1191 
23 29 2 6 480 192 1 73 64748 294 53 586 
191 4 2 4 285 76 0 62 18721 265 86 1633 
59 5 3 8 410 64 1 54 55582 343 20 787 
12 20 4 4 308 128 0 61 4011 168 74 1257 
105 31 3 8 132 150 1 75 63740 329 291 1306 
203 4 3 7 113 139 0 51 63898 337 69 1986 
102 28 2 5 19 71 0 54 45064 57 179 1197 
83 4 3 4 364 71 0 50 26063 131 413 247 
27 21 4 7 386 171 1 60 49097 341 201 1930 
95 8 2 7 205 98 0 65 77333 352 82 1348 
93 17 2 8 84 128 0 64 31379 472 159 930 
213 6 3 4 417 27 1 64 97310 183 323 1747 
74 8 2 6 204 143 1 57 69624 200 128 986 
118 23 3 8 300 195 0 67 58421 77 82 1392 
165 20 4 7 292 35 0 68 52213 125 41 1632 
